2025-05-24 19:47:00.982,No data,0,0,N/A,N/A,N/A,N/A,N/A,N/A,N/A,N/A,N/A,N/A,N/A,N/A
2025-05-24 19:47:01.092,No data,0,0,N/A,N/A,N/A,N/A,N/A,N/A,N/A,N/A,N/A,N/A,N/A,N/A
2025-05-24 19:47:01.406,No data,0,0,N/A,N/A,N/A,N/A,N/A,N/A,N/A,N/A,N/A,N/A,N/A,N/A
2025-05-24 19:47:01.513,No data,0,0,N/A,N/A,N/A,N/A,N/A,N/A,N/A,N/A,N/A,N/A,N/A,N/A
2025-05-24 19:47:01.705,Unknown,0,0,99.9,99.9,99.9,0.0,0.0,0.0,1.7,1.5,3.5,0.0,0.0,N/A
2025-05-24 19:47:01.925,Unknown,0,0,99.9,99.9,99.9,0.0,0.0,0.0,1.7,1.5,3.5,83.04,4.47,N/A
2025-05-24 19:47:02.097,Unknown,0,0,99.9,99.9,99.9,0.0,0.0,0.0,1.7,1.5,3.5,83.04,4.47,N/A
2025-05-24 19:47:02.261,GPS,7,0,2.9,99.9,99.9,18.569799173333333,73.81671373666667,568.531,0.0,0.0,0.0,83.04,4.47,N/A
2025-05-24 19:47:02.496,GPS,7,0,2.9,99.9,99.9,18.569799846666665,73.81671337833333,568.507,0.0,0.0,0.0,83.04,4.47,N/A
2025-05-24 19:47:02.632,GPS,7,0,2.9,99.9,99.9,18.56980052833333,73.81671303666667,568.485,0.0,0.0,0.0,83.04,4.47,N/A
2025-05-24 19:47:02.922,GPS,7,0,2.9,99.9,99.9,18.569801303333332,73.81671269333333,568.495,0.0,0.0,0.0,83.04,4.47,N/A
2025-05-24 19:47:03.063,GPS,7,0,2.9,99.9,99.9,18.569801303333332,73.81671269333333,568.495,0.0,0.0,0.0,83.04,4.47,107.64
2025-05-24 19:47:03.267,GPS,7,0,2.9,99.9,99.9,18.569801303333332,73.81671269333333,568.495,0.0,0.0,0.0,83.04,4.47,107.64
2025-05-24 19:47:03.481,GPS,7,0,2.9,99.9,99.9,18.569801891666668,73.81671237666667,568.455,0.0,0.0,0.0,83.04,4.47,N/A
2025-05-24 19:47:03.651,GPS,7,3,2.9,6.1,5.4,18.569801891666668,73.81671237666667,568.455,0.0,0.0,0.0,83.04,4.47,N/A
2025-05-24 19:47:03.813,GPS,7,3,2.9,6.1,5.4,18.569801891666668,73.81671237666667,568.455,0.0,0.0,0.0,83.04,4.47,N/A
2025-05-24 19:47:03.953,GPS,7,3,2.9,6.1,5.4,18.569801891666668,73.81671237666667,568.455,0.0,0.0,0.0,83.04,4.47,N/A
2025-05-24 19:47:04.141,GPS,7,3,2.9,6.1,5.4,18.569801891666668,73.81671237666667,568.455,0.0,0.0,0.0,83.04,4.47,N/A
2025-05-24 19:47:04.273,GPS,7,3,2.9,6.1,5.4,18.569801891666668,73.81671237666667,568.455,0.0,0.0,0.0,83.04,4.47,N/A
2025-05-24 19:47:04.389,GPS,7,3,2.9,6.1,5.4,18.569801891666668,73.81671237666667,568.455,0.0,0.0,0.0,83.04,4.47,N/A
2025-05-24 19:47:04.533,GPS,7,3,2.9,6.1,5.4,18.569801891666668,73.81671237666667,568.455,0.0,0.0,0.0,83.04,4.47,N/A
2025-05-24 19:47:04.655,GPS,7,3,2.9,6.1,5.4,18.569801891666668,73.81671237666667,568.455,0.0,0.0,0.0,83.04,4.47,N/A
2025-05-24 19:47:04.808,GPS,7,3,2.9,6.1,5.4,18.569801891666668,73.81671237666667,568.455,0.0,0.0,0.0,83.04,4.47,N/A
2025-05-24 19:47:04.937,GPS,7,3,2.9,6.1,5.4,18.569801891666668,73.81671237666667,568.455,1.7,1.4,3.5,83.04,4.47,N/A
2025-05-24 19:47:05.068,GPS,7,3,2.9,6.1,5.4,18.569801891666668,73.81671237666667,568.455,1.7,1.4,3.5,83.04,4.47,N/A
2025-05-24 19:47:05.478,GPS,7,0,2.9,99.9,99.9,18.569803031666666,73.816711755,568.416,0.0,0.0,0.0,83.04,4.47,N/A
2025-05-24 19:47:05.601,GPS,7,0,2.9,99.9,99.9,18.56980356,73.81671140166667,568.382,0.0,0.0,0.0,83.04,4.47,N/A
2025-05-24 19:47:05.720,GPS,7,0,2.9,99.9,99.9,18.56980356,73.81671140166667,568.382,0.0,0.0,0.0,83.04,4.47,N/A
2025-05-24 19:47:05.841,GPS,7,0,2.9,99.9,99.9,18.569804036666667,73.81671106833333,568.361,0.0,0.0,0.0,83.04,4.47,N/A
2025-05-24 19:47:05.988,GPS,7,0,2.9,99.9,99.9,18.569804036666667,73.81671106833333,568.361,0.0,0.0,0.0,83.04,4.47,107.64
2025-05-24 19:47:06.421,GPS,7,3,2.9,6.1,5.4,18.569804566666665,73.81671078,568.35,0.0,0.0,0.0,83.04,4.47,N/A
2025-05-24 19:47:07.220,GPS,7,3,2.9,6.1,5.4,18.569804566666665,73.81671078,568.35,0.0,0.0,0.0,83.04,4.47,N/A
2025-05-24 19:47:07.412,GPS,7,3,2.9,6.1,5.4,18.569804566666665,73.81671078,568.35,0.0,0.0,0.0,83.04,4.47,N/A
2025-05-24 19:47:07.653,GPS,7,3,2.9,6.1,5.4,18.569804566666665,73.81671078,568.35,0.0,0.0,0.0,83.04,4.47,N/A
2025-05-24 19:47:07.873,GPS,7,3,2.9,6.1,5.4,18.569804566666665,73.81671078,568.35,1.6,1.4,3.4,83.04,4.47,N/A
2025-05-24 19:47:08.233,GPS,7,3,2.9,6.1,5.4,18.569804566666665,73.81671078,568.35,1.6,1.4,3.4,83.04,4.47,N/A
2025-05-24 19:47:08.381,GPS,7,0,2.9,99.9,99.9,18.569805043333332,73.81671044166667,568.328,0.0,0.0,0.0,83.04,4.47,N/A
2025-05-24 19:47:08.528,GPS,7,0,2.9,99.9,99.9,18.569805475,73.81671028666666,568.312,0.0,0.0,0.0,83.04,4.47,N/A
2025-05-24 19:47:08.668,GPS,7,0,2.9,99.9,99.9,18.56980593833333,73.81671010666666,568.321,0.0,0.0,0.0,83.04,4.47,N/A
2025-05-24 19:47:08.864,GPS,7,0,2.9,99.9,99.9,18.569806301666667,73.81670992833334,568.299,0.0,0.0,0.0,83.04,4.47,N/A
2025-05-24 19:47:09.018,GPS,7,0,2.9,99.9,99.9,18.569806301666667,73.81670992833334,568.299,0.0,0.0,0.0,83.04,4.47,107.64
2025-05-24 19:47:09.191,GPS,7,0,2.9,99.9,99.9,18.569806523333334,73.81670986166667,568.299,0.0,0.0,0.0,83.04,4.47,N/A
2025-05-24 19:47:09.385,GPS,7,3,2.9,6.1,5.4,18.569806523333334,73.81670986166667,568.299,0.0,0.0,0.0,83.04,4.47,N/A
2025-05-24 19:47:09.544,GPS,7,3,2.9,6.1,5.4,18.569806523333334,73.81670986166667,568.299,0.0,0.0,0.0,81.47,4.76,N/A
2025-05-24 19:47:09.708,GPS,7,3,2.9,6.1,5.4,18.569806523333334,73.81670986166667,568.299,0.0,0.0,0.0,81.47,4.76,N/A
2025-05-24 19:47:09.856,GPS,7,3,2.9,6.1,5.4,18.569806523333334,73.81670986166667,568.299,0.0,0.0,0.0,81.47,4.76,N/A
2025-05-24 19:47:09.990,GPS,7,3,2.9,6.1,5.4,18.569806523333334,73.81670986166667,568.299,0.0,0.0,0.0,81.47,4.76,N/A
2025-05-24 19:47:10.168,GPS,7,3,2.9,6.1,5.4,18.569806523333334,73.81670986166667,568.299,0.0,0.0,0.0,79.9,5.05,N/A
2025-05-24 19:47:10.285,GPS,7,3,2.9,6.1,5.4,18.569806523333334,73.81670986166667,568.299,0.0,0.0,0.0,79.9,5.05,N/A
2025-05-24 19:47:10.435,GPS,7,3,2.9,6.1,5.4,18.569806523333334,73.81670986166667,568.299,0.0,0.0,0.0,78.33,5.34,N/A
2025-05-24 19:47:10.600,GPS,7,3,2.9,6.1,5.4,18.569806523333334,73.81670986166667,568.299,1.6,1.4,3.3,78.33,5.34,N/A
2025-05-24 19:47:10.730,GPS,7,3,2.9,6.1,5.4,18.569806523333334,73.81670986166667,568.299,1.6,1.4,3.3,78.33,5.34,N/A
2025-05-24 19:47:10.935,GPS,7,0,2.9,99.9,99.9,18.569806616666668,73.81670964,568.285,0.0,0.0,0.0,76.76,5.63,N/A
2025-05-24 19:47:11.054,GPS,4,0,15.8,99.9,99.9,18.569806633333332,73.81670964166666,568.248,0.0,0.0,0.0,76.76,5.63,N/A
2025-05-24 19:47:11.190,GPS,5,0,15.5,99.9,99.9,18.56980669,73.81670986333333,568.221,0.0,0.0,0.0,76.76,5.63,N/A
2025-05-24 19:47:11.373,GPS,4,0,15.8,99.9,99.9,18.569806661666668,73.81671026833334,568.184,0.0,0.0,0.0,75.19,5.92,107.64
2025-05-24 19:47:11.501,GPS,4,0,15.8,99.9,99.9,18.569806661666668,73.81671026833334,568.184,0.0,0.0,0.0,75.19,5.92,107.64
2025-05-24 19:47:11.622,GPS,4,0,15.9,99.9,99.9,18.569806643333333,73.81671055,568.138,0.0,0.0,0.0,75.19,5.92,N/A
2025-05-24 19:47:11.738,GPS,4,1,15.9,24.2,18.3,18.569806643333333,73.81671055,568.138,0.0,0.0,0.0,73.62,6.21,N/A
2025-05-24 19:47:11.853,GPS,4,1,15.9,24.2,18.3,18.569806643333333,73.81671055,568.138,0.0,0.0,0.0,73.62,6.21,N/A
2025-05-24 19:47:11.989,GPS,4,1,15.9,24.2,18.3,18.569806643333333,73.81671055,568.138,0.0,0.0,0.0,73.62,6.21,N/A
2025-05-24 19:47:12.181,GPS,4,1,15.9,24.2,18.3,18.569806643333333,73.81671055,568.138,0.0,0.0,0.0,72.05,6.5,N/A
2025-05-24 19:47:12.331,GPS,4,1,15.9,24.2,18.3,18.569806643333333,73.81671055,568.138,0.0,0.0,0.0,72.05,6.5,N/A
2025-05-24 19:47:12.484,GPS,4,1,15.9,24.2,18.3,18.569806643333333,73.81671055,568.138,0.0,0.0,0.0,72.05,6.5,N/A
2025-05-24 19:47:12.595,GPS,4,1,15.9,24.2,18.3,18.569806643333333,73.81671055,568.138,0.0,0.0,0.0,70.48,6.79,N/A
2025-05-24 19:47:12.711,GPS,4,1,15.9,24.2,18.3,18.569806643333333,73.81671055,568.138,0.0,0.0,0.0,70.48,6.79,N/A
2025-05-24 19:47:12.826,GPS,4,1,15.9,24.2,18.3,18.569806643333333,73.81671055,568.138,1.6,1.6,3.4,70.48,6.79,N/A
2025-05-24 19:47:12.955,GPS,4,1,15.9,24.2,18.3,18.569806643333333,73.81671055,568.138,1.6,1.6,3.4,68.91,7.08,N/A
2025-05-24 19:47:13.080,GPS,4,1,15.9,24.2,18.3,18.569806643333333,73.81671055,568.138,1.6,1.6,3.4,68.91,7.08,N/A
2025-05-24 19:47:13.237,GPS,4,0,15.9,99.9,99.9,18.569806733333333,73.81671045,568.098,0.0,0.0,0.0,68.91,7.08,N/A
2025-05-24 19:47:13.548,GPS,4,0,15.9,99.9,99.9,18.569806733333333,73.81671045,568.098,0.0,0.0,0.0,67.34,7.37,N/A
2025-05-24 19:47:13.727,GPS,4,0,15.9,99.9,99.9,18.569806733333333,73.81671045,568.098,0.0,0.0,0.0,67.34,7.37,N/A
2025-05-24 19:47:13.902,GPS,4,0,15.9,99.9,99.9,18.569806733333333,73.81671045,568.098,0.0,0.0,0.0,65.77,7.66,N/A
2025-05-24 19:47:14.041,GPS,4,0,15.9,99.9,99.9,18.569806733333333,73.81671045,568.098,0.0,0.0,0.0,65.77,7.66,N/A
2025-05-24 19:47:14.172,GPS,4,0,15.9,99.9,99.9,18.569806733333333,73.81671045,568.098,0.0,0.0,0.0,65.77,7.66,N/A
2025-05-24 19:47:14.284,GPS,4,0,15.9,99.9,99.9,18.569806733333333,73.81671045,568.098,0.0,0.0,0.0,64.2,7.95,N/A
2025-05-24 19:47:14.391,GPS,4,0,15.9,99.9,99.9,18.569806733333333,73.81671045,568.098,0.0,0.0,0.0,64.2,7.95,N/A
2025-05-24 19:47:14.522,GPS,4,0,15.9,99.9,99.9,18.569806733333333,73.81671045,568.098,0.0,0.0,0.0,64.2,7.95,N/A
2025-05-24 19:47:14.740,GPS,4,0,15.9,99.9,99.9,18.569806733333333,73.81671045,568.098,0.0,0.0,0.0,62.63,8.24,N/A
2025-05-24 19:47:14.881,GPS,4,0,15.9,99.9,99.9,18.569806733333333,73.81671045,568.098,0.0,0.0,0.0,62.63,8.24,N/A
2025-05-24 19:47:15.035,GPS,4,0,15.9,99.9,99.9,18.569806733333333,73.81671045,568.098,0.0,0.0,0.0,62.63,8.24,N/A
2025-05-24 19:47:15.202,GPS,4,0,15.9,99.9,99.9,18.569806733333333,73.81671045,568.098,0.0,0.0,0.0,61.06,8.53,N/A
2025-05-24 19:47:15.353,GPS,4,0,15.9,99.9,99.9,18.569806733333333,73.81671045,568.098,0.0,0.0,0.0,61.06,8.53,N/A
2025-05-24 19:47:15.467,GPS,4,0,15.9,99.9,99.9,18.569806733333333,73.81671045,568.098,0.0,0.0,0.0,61.06,8.53,N/A
2025-05-24 19:47:15.618,GPS,4,0,15.9,99.9,99.9,18.569806733333333,73.81671045,568.098,0.0,0.0,0.0,59.49,8.82,N/A
2025-05-24 19:47:16.052,GPS,4,0,15.9,99.9,99.9,18.569806733333333,73.81671045,568.098,0.0,0.0,0.0,59.49,8.82,N/A
2025-05-24 19:47:16.195,GPS,4,0,15.9,99.9,99.9,18.569806733333333,73.81671045,568.098,0.0,0.0,0.0,57.92,9.11,N/A
2025-05-24 19:47:16.367,GPS,4,0,15.9,99.9,99.9,18.569806733333333,73.81671045,568.098,0.0,0.0,0.0,57.92,9.11,N/A
2025-05-24 19:47:16.540,GPS,4,0,3.5,99.9,99.9,18.569809236666668,73.81670954666667,567.933,0.0,0.0,0.0,57.92,9.11,N/A
2025-05-24 19:47:16.675,GPS,4,0,3.5,99.9,99.9,18.569812726666665,73.81670992666666,567.982,0.0,0.0,0.0,56.35,9.4,N/A
2025-05-24 19:47:16.814,GPS,4,0,3.5,99.9,99.9,18.569815116666668,73.81670962833333,567.923,0.0,0.0,0.0,56.35,9.4,N/A
2025-05-24 19:47:16.962,GPS,4,0,3.5,99.9,99.9,18.569815116666668,73.81670962833333,567.923,0.0,0.0,0.0,56.35,9.4,107.64
2025-05-24 19:47:17.122,GPS,4,0,3.5,99.9,99.9,18.569816858333333,73.81670883166667,567.882,0.0,0.0,0.0,54.78,9.69,N/A
2025-05-24 19:47:17.258,GPS,4,2,3.5,8.6,7.9,18.569816858333333,73.81670883166667,567.882,0.0,0.0,0.0,54.78,9.69,N/A
2025-05-24 19:47:17.382,GPS,4,2,3.5,8.6,7.9,18.569816858333333,73.81670883166667,567.882,0.0,0.0,0.0,54.78,9.69,N/A
2025-05-24 19:47:17.543,GPS,4,2,3.5,8.6,7.9,18.569816858333333,73.81670883166667,567.882,0.0,0.0,0.0,53.21,9.98,N/A
2025-05-24 19:47:17.690,GPS,4,2,3.5,8.6,7.9,18.569816858333333,73.81670883166667,567.882,0.0,0.0,0.0,53.21,9.98,N/A
2025-05-24 19:47:17.825,GPS,4,2,3.5,8.6,7.9,18.569816858333333,73.81670883166667,567.882,0.0,0.0,0.0,53.21,9.98,N/A
2025-05-24 19:47:17.945,GPS,4,2,3.5,8.6,7.9,18.569816858333333,73.81670883166667,567.882,0.0,0.0,0.0,51.64,10.27,N/A
2025-05-24 19:47:18.089,GPS,4,2,3.5,8.6,7.9,18.569816858333333,73.81670883166667,567.882,0.0,0.0,0.0,51.64,10.27,N/A
2025-05-24 19:47:18.384,GPS,4,2,3.5,8.6,7.9,18.569816858333333,73.81670883166667,567.882,5.2,6.7,4.6,50.07,10.56,N/A
2025-05-24 19:47:18.508,GPS,4,2,3.5,8.6,7.9,18.569816858333333,73.81670883166667,567.882,5.2,6.7,4.6,50.07,10.56,N/A
2025-05-24 19:47:18.642,GPS,4,2,3.5,8.6,7.9,18.569816858333333,73.81670883166667,567.882,5.2,6.7,4.6,50.07,10.56,N/A
2025-05-24 19:47:18.766,GPS,4,0,3.5,99.9,99.9,18.569817896666667,73.81670818166667,567.816,0.0,0.0,0.0,48.5,10.85,N/A
2025-05-24 19:47:18.975,GPS,4,0,3.5,99.9,99.9,18.569818628333334,73.816707655,567.771,0.0,0.0,0.0,48.5,10.85,N/A
2025-05-24 19:47:19.116,GPS,5,0,3.3,99.9,99.9,18.56981972166667,73.81670666833334,567.742,0.0,0.0,0.0,48.5,10.85,N/A
2025-05-24 19:47:19.249,GPS,5,0,3.3,99.9,99.9,18.569821983333334,73.81670409666667,567.62,0.0,0.0,0.0,46.93,11.14,N/A
2025-05-24 19:47:19.385,GPS,5,0,3.3,99.9,99.9,18.569822295,73.81670349166667,567.569,0.0,0.0,0.0,46.93,11.14,N/A
2025-05-24 19:47:19.573,GPS,5,0,3.3,99.9,99.9,18.569822861666665,73.81670283833333,567.606,0.0,0.0,0.0,46.93,11.14,N/A
2025-05-24 19:47:19.698,GPS,4,0,3.5,99.9,99.9,18.569820813333333,73.81670449166667,567.537,0.0,0.0,0.0,45.36,11.43,N/A
2025-05-24 19:47:19.824,GPS,4,0,3.5,99.9,99.9,18.569820936666666,73.81670423833333,567.5,0.0,0.0,0.0,45.36,11.43,N/A
2025-05-24 19:47:19.977,GPS,4,0,3.5,99.9,99.9,18.569820821666667,73.81670407666667,567.411,0.0,0.0,0.0,43.79,11.72,N/A
2025-05-24 19:47:20.162,GPS,4,0,3.5,99.9,99.9,18.569820821666667,73.81670407666667,567.411,0.0,0.0,0.0,43.79,11.72,N/A
2025-05-24 19:47:20.460,GPS,4,0,3.5,99.9,99.9,18.569820821666667,73.81670407666667,567.411,2.9,4.3,3.9,43.79,11.72,N/A
2025-05-24 19:47:20.588,GPS,4,0,3.5,99.9,99.9,18.569820821666667,73.81670407666667,567.411,2.9,4.3,3.9,42.22,12.01,N/A
2025-05-24 19:47:20.713,GPS,4,0,3.5,99.9,99.9,18.569820821666667,73.81670407666667,567.411,2.9,4.3,3.9,42.22,12.01,N/A
2025-05-24 19:47:20.827,GPS,4,0,3.5,99.9,99.9,18.569820835,73.81670405166666,567.316,0.0,0.0,0.0,42.22,12.01,N/A
2025-05-24 19:47:20.938,GPS,4,0,3.5,99.9,99.9,18.569820908333334,73.81670393833333,567.292,0.0,0.0,0.0,40.65,12.3,N/A
2025-05-24 19:47:21.065,GPS,4,0,3.5,99.9,99.9,18.569820986666667,73.81670386666667,567.278,0.0,0.0,0.0,40.65,12.3,N/A
2025-05-24 19:47:21.170,GPS,4,0,3.5,99.9,99.9,18.569820686666667,73.81670342333334,567.073,0.0,0.0,0.0,40.65,12.3,N/A
2025-05-24 19:47:21.288,GPS,4,0,3.5,99.9,99.9,18.569820658333335,73.81670331,567.038,0.0,0.0,0.0,39.08,12.59,N/A
2025-05-24 19:47:21.421,GPS,4,0,3.5,99.9,99.9,18.56982056,73.81670330666667,566.978,0.0,0.0,0.0,39.08,12.59,N/A
2025-05-24 19:47:21.605,GPS,4,0,3.5,99.9,99.9,18.56982056,73.81670330666667,566.978,0.0,0.0,0.0,39.08,12.59,N/A
2025-05-24 19:47:21.763,GPS,4,0,3.5,99.9,99.9,18.56982056,73.81670330666667,566.978,0.0,0.0,0.0,37.51,12.88,N/A
2025-05-24 19:47:21.944,GPS,4,0,3.5,99.9,99.9,18.56982056,73.81670330666667,566.978,0.0,0.0,0.0,37.51,12.88,N/A
2025-05-24 19:47:22.095,GPS,4,0,3.5,99.9,99.9,18.56982056,73.81670330666667,566.978,2.5,3.7,3.9,37.51,12.88,N/A
2025-05-24 19:47:22.306,GPS,4,0,3.5,99.9,99.9,18.56982056,73.81670330666667,566.978,2.5,3.7,3.9,35.94,13.17,N/A
2025-05-24 19:47:22.589,GPS,4,0,3.5,99.9,99.9,18.569820388333333,73.81670301,566.886,0.0,0.0,0.0,35.94,13.17,N/A
2025-05-24 19:47:22.735,GPS,4,0,3.5,99.9,99.9,18.569820248333333,73.81670295166667,566.833,0.0,0.0,0.0,35.94,13.17,N/A
2025-05-24 19:47:22.873,GPS,5,0,3.3,99.9,99.9,18.569820073333332,73.81670266,566.744,0.0,0.0,0.0,34.37,13.46,N/A
2025-05-24 19:47:23.084,GPS,5,0,3.3,99.9,99.9,18.569819995,73.81670152166667,566.488,0.0,0.0,0.0,34.37,13.46,N/A
2025-05-24 19:47:23.230,GPS,5,0,3.3,99.9,99.9,18.569819975,73.81670111166666,566.412,0.0,0.0,0.0,34.37,13.46,N/A
2025-05-24 19:47:23.353,GPS,5,0,3.3,99.9,99.9,18.569819975,73.81670111166666,566.412,0.0,0.0,0.0,32.8,13.75,107.64
2025-05-24 19:47:23.493,GPS,5,0,3.3,99.9,99.9,18.569819983333332,73.81670103833333,566.38,0.0,0.0,0.0,32.8,13.75,N/A
2025-05-24 19:47:23.665,GPS,5,0,3.3,99.9,99.9,18.569819983333332,73.81670103833333,566.38,0.0,0.0,0.0,31.23,14.04,N/A
2025-05-24 19:47:23.805,GPS,5,0,2.6,99.9,99.9,18.569819913333333,73.81670097833333,566.321,0.0,0.0,0.0,31.23,14.04,N/A
2025-05-24 19:47:23.980,GPS,5,0,2.6,99.9,99.9,18.56981976,73.81670096166667,566.221,0.0,0.0,0.0,29.66,14.33,N/A
2025-05-24 19:47:24.142,GPS,5,0,3.3,99.9,99.9,18.569819763333335,73.81670078166667,566.205,0.0,0.0,0.0,29.66,14.33,N/A
2025-05-24 19:47:24.302,GPS,5,0,3.3,99.9,99.9,18.569819763333335,73.81670078166667,566.205,0.0,0.0,0.0,29.66,14.33,N/A
2025-05-24 19:47:24.442,GPS,5,0,3.3,99.9,99.9,18.569819763333335,73.81670078166667,566.205,0.0,0.0,0.0,28.09,14.62,N/A
2025-05-24 19:47:24.579,GPS,5,0,3.3,99.9,99.9,18.569819763333335,73.81670078166667,566.205,0.0,0.0,0.0,28.09,14.62,N/A
2025-05-24 19:47:24.714,GPS,5,0,3.3,99.9,99.9,18.569819763333335,73.81670078166667,566.205,0.0,0.0,0.0,28.09,14.62,N/A
2025-05-24 19:47:24.830,GPS,5,0,3.3,99.9,99.9,18.569819763333335,73.81670078166667,566.205,0.0,0.0,0.0,26.52,14.91,N/A
2025-05-24 19:47:24.964,GPS,5,0,3.3,99.9,99.9,18.569819763333335,73.81670078166667,566.205,2.2,3.1,3.9,26.52,14.91,N/A
2025-05-24 19:47:25.093,GPS,5,0,3.3,99.9,99.9,18.569819763333335,73.81670078166667,566.205,2.2,3.1,3.9,26.52,14.91,N/A
2025-05-24 19:47:25.258,GPS,5,0,3.3,99.9,99.9,18.569819931666668,73.816699895,566.082,0.0,0.0,0.0,26.52,14.91,N/A
2025-05-24 19:47:25.542,GPS,5,0,3.3,99.9,99.9,18.569819898333332,73.81669960166667,566.028,0.0,0.0,0.0,24.95,15.2,N/A
2025-05-24 19:47:25.719,GPS,5,0,3.3,99.9,99.9,18.569820016666668,73.81669926666666,566.007,0.0,0.0,0.0,24.95,15.2,N/A
2025-05-24 19:47:25.875,GPS,5,0,3.3,99.9,99.9,18.569820016666668,73.81669926666666,566.007,0.0,0.0,0.0,23.38,15.49,107.64
2025-05-24 19:47:26.008,GPS,5,0,3.3,99.9,99.9,18.569818571666666,73.81669789333333,565.523,0.0,0.0,0.0,23.38,15.49,N/A
2025-05-24 19:47:26.141,GPS,5,2,3.3,7.3,6.5,18.569818571666666,73.81669789333333,565.523,0.0,0.0,0.0,23.38,15.49,N/A
2025-05-24 19:47:26.245,GPS,5,2,3.3,7.3,6.5,18.569818571666666,73.81669789333333,565.523,0.0,0.0,0.0,21.81,15.78,N/A
2025-05-24 19:47:26.351,GPS,5,2,3.3,7.3,6.5,18.569818571666666,73.81669789333333,565.523,0.0,0.0,0.0,21.81,15.78,N/A
2025-05-24 19:47:26.457,GPS,5,0,3.3,99.9,99.9,18.5698185,73.81669729166667,565.388,0.0,0.0,0.0,21.81,15.78,N/A
2025-05-24 19:47:26.566,GPS,5,0,3.3,99.9,99.9,18.5698185,73.81669729166667,565.388,0.0,0.0,0.0,20.24,16.07,107.64
2025-05-24 19:47:26.679,GPS,5,0,3.3,99.9,99.9,18.5698185,73.81669729166667,565.388,0.0,0.0,0.0,20.24,16.07,107.64
2025-05-24 19:47:26.805,GPS,5,0,3.3,99.9,99.9,18.569818373333334,73.81669711333333,565.329,0.0,0.0,0.0,20.24,16.07,N/A
2025-05-24 19:47:26.945,GPS,5,0,3.3,99.9,99.9,18.569818373333334,73.81669711333333,565.329,0.0,0.0,0.0,18.67,16.36,N/A
2025-05-24 19:47:27.091,GPS,5,0,3.3,99.9,99.9,18.569818296666668,73.81669670666666,565.193,0.0,0.0,0.0,18.67,16.36,N/A
2025-05-24 19:47:27.197,GPS,5,0,3.3,99.9,99.9,18.569818178333332,73.81669647166666,565.118,0.0,0.0,0.0,17.1,16.65,N/A
2025-05-24 19:47:27.423,GPS,5,0,2.6,99.9,99.9,18.569817973333333,73.81669610333333,564.982,0.0,0.0,0.0,17.1,16.65,N/A
2025-05-24 19:47:27.587,GPS,5,0,2.6,99.9,99.9,18.56981797,73.816696005,564.96,0.0,0.0,0.0,17.1,16.65,N/A
2025-05-24 19:47:27.731,GPS,5,0,2.6,99.9,99.9,18.56981791833333,73.816696075,564.931,0.0,0.0,0.0,15.53,16.94,N/A
2025-05-24 19:47:27.912,GPS,5,0,2.6,99.9,99.9,18.56981791833333,73.816696075,564.931,0.0,0.0,0.0,15.53,16.94,107.64
2025-05-24 19:47:28.026,GPS,5,0,2.6,99.9,99.9,18.569817803333333,73.81669582666666,564.808,0.0,0.0,0.0,15.53,16.94,N/A
2025-05-24 19:47:28.148,GPS,5,2,2.6,6.7,6.2,18.569817803333333,73.81669582666666,564.808,0.0,0.0,0.0,13.96,17.23,N/A
2025-05-24 19:47:28.272,GPS,5,2,2.6,6.7,6.2,18.569817803333333,73.81669582666666,564.808,0.0,0.0,0.0,13.96,17.23,N/A
2025-05-24 19:47:28.413,GPS,5,2,2.6,6.7,6.2,18.569817803333333,73.81669582666666,564.808,0.0,0.0,0.0,13.96,17.23,N/A
2025-05-24 19:47:28.581,GPS,5,0,3.3,99.9,99.9,18.569817888333333,73.81669556833333,564.767,0.0,0.0,0.0,12.39,17.52,N/A
2025-05-24 19:47:28.724,GPS,5,0,3.3,99.9,99.9,18.569817581666666,73.81669568666666,564.666,0.0,0.0,0.0,12.39,17.52,N/A
2025-05-24 19:47:28.878,GPS,5,0,3.3,99.9,99.9,18.56981728,73.81669565,564.582,0.0,0.0,0.0,12.39,17.52,N/A
2025-05-24 19:47:29.005,GPS,5,0,3.3,99.9,99.9,18.56981728,73.81669565,564.582,0.0,0.0,0.0,10.82,17.81,107.64
2025-05-24 19:47:29.145,GPS,4,0,23.7,99.9,99.9,18.569816751666668,73.81669562666667,564.55,0.0,0.0,0.0,10.82,17.81,N/A
2025-05-24 19:47:29.297,GPS,4,2,23.7,33.1,23.1,18.569816751666668,73.81669562666667,564.55,0.0,0.0,0.0,10.82,17.81,N/A
2025-05-24 19:47:29.404,GPS,4,2,23.7,33.1,23.1,18.569816751666668,73.81669562666667,564.55,0.0,0.0,0.0,9.25,18.1,N/A
2025-05-24 19:47:29.533,GPS,4,2,23.7,33.1,23.1,18.569816751666668,73.81669562666667,564.55,0.0,0.0,0.0,9.25,18.1,N/A
2025-05-24 19:47:29.670,GPS,4,2,23.7,33.1,23.1,18.569816751666668,73.81669562666667,564.55,0.0,0.0,0.0,9.25,18.1,N/A
2025-05-24 19:47:29.837,GPS,4,2,23.7,33.1,23.1,18.569816751666668,73.81669562666667,564.55,0.0,0.0,0.0,7.68,18.39,N/A
2025-05-24 19:47:29.987,GPS,4,2,23.7,33.1,23.1,18.569816751666668,73.81669562666667,564.55,0.0,0.0,0.0,7.68,18.39,N/A
2025-05-24 19:47:30.168,GPS,4,2,23.7,33.1,23.1,18.569816751666668,73.81669562666667,564.55,0.0,0.0,0.0,7.68,18.39,N/A
2025-05-24 19:47:30.314,GPS,4,2,23.7,33.1,23.1,18.569816751666668,73.81669562666667,564.55,0.0,0.0,0.0,6.11,18.68,N/A
2025-05-24 19:47:30.476,GPS,4,2,23.7,33.1,23.1,18.569816751666668,73.81669562666667,564.55,0.0,0.0,0.0,6.11,18.68,N/A
2025-05-24 19:47:30.636,GPS,4,2,23.7,33.1,23.1,18.569816751666668,73.81669562666667,564.55,0.0,0.0,0.0,6.11,18.68,N/A
2025-05-24 19:47:30.763,GPS,4,2,23.7,33.1,23.1,18.569816751666668,73.81669562666667,564.55,0.0,0.0,0.0,4.54,18.97,N/A
2025-05-24 19:47:30.912,GPS,4,2,23.7,33.1,23.1,18.569816751666668,73.81669562666667,564.55,0.0,0.0,0.0,4.54,18.97,N/A
2025-05-24 19:47:31.036,GPS,4,0,16.0,99.9,99.9,18.569813296666666,73.81669457666666,564.257,0.0,0.0,0.0,4.54,18.97,N/A
2025-05-24 19:47:31.177,GPS,4,0,16.0,99.9,99.9,18.56981237833333,73.81669530166667,564.175,0.0,0.0,0.0,4.54,18.97,N/A
2025-05-24 19:47:31.487,GPS,3,0,16.0,99.9,99.9,18.569811951666665,73.81669519666667,564.149,0.0,0.0,0.0,2.97,19.26,N/A
2025-05-24 19:47:31.653,GPS,3,0,16.0,99.9,99.9,18.569811613333332,73.81669523333333,564.075,0.0,0.0,0.0,2.97,19.26,N/A
2025-05-24 19:47:31.851,GPS,3,0,16.0,99.9,99.9,18.569811613333332,73.81669523333333,564.075,0.0,0.0,0.0,1.4,19.55,N/A
2025-05-24 19:47:32.003,GPS,3,0,16.0,99.9,99.9,18.569811613333332,73.81669523333333,564.075,0.0,0.0,0.0,1.4,19.55,N/A
2025-05-24 19:47:32.159,GPS,3,0,16.0,99.9,99.9,18.569811613333332,73.81669523333333,564.075,0.0,0.0,0.0,1.4,19.55,N/A
2025-05-24 19:47:32.343,GPS,3,0,16.0,99.9,99.9,18.569811613333332,73.81669523333333,564.075,0.0,0.0,0.0,1.4,19.55,N/A
2025-05-24 19:47:32.465,GPS,3,0,16.0,99.9,99.9,18.569811613333332,73.81669523333333,564.075,0.0,0.0,0.0,1.4,19.55,N/A
2025-05-24 19:47:32.584,GPS,3,0,16.0,99.9,99.9,18.569811613333332,73.81669523333333,564.075,0.0,0.0,0.0,1.4,19.55,N/A
2025-05-24 19:47:32.699,GPS,3,0,16.0,99.9,99.9,18.569811613333332,73.81669523333333,564.075,0.0,0.0,0.0,1.4,19.55,N/A
2025-05-24 19:47:32.815,GPS,3,0,16.0,99.9,99.9,18.569811613333332,73.81669523333333,564.075,0.0,0.0,0.0,1.4,19.55,N/A
2025-05-24 19:47:32.924,GPS,3,0,16.0,99.9,99.9,18.569811613333332,73.81669523333333,564.075,0.0,0.0,0.0,1.4,19.55,N/A
2025-05-24 19:47:33.050,GPS,3,0,16.0,99.9,99.9,18.569811613333332,73.81669523333333,564.075,0.0,0.0,0.0,1.4,19.55,N/A
2025-05-24 19:47:33.156,GPS,3,0,16.0,99.9,99.9,18.569811613333332,73.81669523333333,564.075,0.0,0.0,0.0,-0.0,20.0,N/A
2025-05-24 19:47:33.283,GPS,3,0,16.0,99.9,99.9,18.569811613333332,73.81669523333333,564.075,0.0,0.0,0.0,-0.0,20.0,N/A
2025-05-24 19:47:33.389,GPS,3,0,16.0,99.9,99.9,18.569811613333332,73.81669523333333,564.075,0.0,0.0,0.0,-0.0,20.0,N/A
2025-05-24 19:47:33.508,GPS,3,0,16.0,99.9,99.9,18.569811613333332,73.81669523333333,564.075,0.0,0.0,0.0,0.0,20.0,N/A
2025-05-24 19:47:33.642,GPS,3,0,16.0,99.9,99.9,18.569811613333332,73.81669523333333,564.075,0.0,0.0,0.0,0.0,20.0,N/A
2025-05-24 19:47:33.775,GPS,3,0,16.0,99.9,99.9,18.569811613333332,73.81669523333333,564.075,0.0,0.0,0.0,0.0,20.0,N/A
2025-05-24 19:47:33.892,GPS,3,0,16.0,99.9,99.9,18.569811613333332,73.81669523333333,564.075,0.0,0.0,0.0,0.0,20.0,N/A
2025-05-24 19:47:34.037,GPS,3,0,16.0,99.9,99.9,18.569811613333332,73.81669523333333,564.075,0.0,0.0,0.0,0.0,20.0,N/A
2025-05-24 19:47:34.160,GPS,3,0,16.0,99.9,99.9,18.569811613333332,73.81669523333333,564.075,0.0,0.0,0.0,0.0,20.0,N/A
2025-05-24 19:47:34.282,GPS,3,0,16.0,99.9,99.9,18.569811613333332,73.81669523333333,564.075,0.0,0.0,0.0,0.0,20.0,N/A
2025-05-24 19:47:34.391,GPS,3,0,16.0,99.9,99.9,18.56980072,73.81670082333333,563.53,0.0,0.0,0.0,0.0,20.0,N/A
2025-05-24 19:47:34.498,GPS,3,0,16.0,99.9,99.9,18.569800878333332,73.81669894833334,563.648,0.0,0.0,0.0,0.0,20.0,N/A
2025-05-24 19:47:34.633,GPS,3,0,16.0,99.9,99.9,18.569800878333332,73.81669894833334,563.648,0.0,0.0,0.0,0.0,20.0,N/A
2025-05-24 19:47:34.787,GPS,3,0,16.0,99.9,99.9,18.569800878333332,73.81669894833334,563.648,0.0,0.0,0.0,0.0,20.0,107.64
2025-05-24 19:47:34.900,GPS,4,0,16.0,99.9,99.9,18.569800128333334,73.81669877833333,563.607,0.0,0.0,0.0,0.0,20.0,N/A
2025-05-24 19:47:35.026,GPS,4,0,16.0,99.9,99.9,18.569800128333334,73.81669877833333,563.607,0.0,0.0,0.0,0.0,20.0,N/A
2025-05-24 19:47:35.174,GPS,4,1,16.0,24.2,18.1,18.569800128333334,73.81669877833333,563.607,0.0,0.0,0.0,0.0,20.0,N/A
2025-05-24 19:47:35.311,GPS,4,1,16.0,24.2,18.1,18.569800128333334,73.81669877833333,563.607,0.0,0.0,0.0,0.0,20.0,N/A
2025-05-24 19:47:35.433,GPS,4,1,16.0,24.2,18.1,18.569800128333334,73.81669877833333,563.607,0.0,0.0,0.0,0.0,20.0,N/A
2025-05-24 19:47:35.550,GPS,4,1,16.0,24.2,18.1,18.569800128333334,73.81669877833333,563.607,0.0,0.0,0.0,0.0,20.0,N/A
2025-05-24 19:47:35.743,GPS,4,1,16.0,24.2,18.1,18.569800128333334,73.81669877833333,563.607,0.0,0.0,0.0,0.0,20.0,N/A
2025-05-24 19:47:35.892,GPS,4,1,16.0,24.2,18.1,18.569800128333334,73.81669877833333,563.607,0.0,0.0,0.0,0.0,20.0,N/A
2025-05-24 19:47:36.040,GPS,4,1,16.0,24.2,18.1,18.569800128333334,73.81669877833333,563.607,0.0,0.0,0.0,0.0,20.0,N/A
2025-05-24 19:47:36.192,GPS,4,1,16.0,24.2,18.1,18.569800128333334,73.81669877833333,563.607,0.0,0.0,0.0,0.0,20.0,N/A
2025-05-24 19:47:36.336,GPS,4,1,16.0,24.2,18.1,18.569800128333334,73.81669877833333,563.607,5.0,7.2,5.2,0.0,20.0,N/A
2025-05-24 19:47:36.604,GPS,4,1,16.0,24.2,18.1,18.569800128333334,73.81669877833333,563.607,5.0,7.2,5.2,0.0,20.0,N/A
2025-05-24 19:47:36.743,GPS,4,0,16.0,99.9,99.9,18.569800415,73.81669747333333,563.609,0.0,0.0,0.0,0.0,20.0,N/A
2025-05-24 19:47:36.905,GPS,5,0,3.3,99.9,99.9,18.569799446666668,73.81670025166666,563.18,0.0,0.0,0.0,0.0,20.0,N/A
2025-05-24 19:47:37.100,GPS,5,0,3.3,99.9,99.9,18.569798633333335,73.81670345666667,562.954,0.0,0.0,0.0,0.0,20.0,N/A
2025-05-24 19:47:37.253,GPS,5,0,3.3,99.9,99.9,18.569798633333335,73.81670345666667,562.954,0.0,0.0,0.0,0.0,20.0,133.13
2025-05-24 19:47:37.381,GPS,4,0,16.0,99.9,99.9,18.569794908333332,73.81670473333334,562.243,0.0,0.0,0.0,0.0,20.0,N/A
2025-05-24 19:47:37.509,GPS,4,1,16.0,24.2,18.1,18.569794908333332,73.81670473333334,562.243,0.0,0.0,0.0,0.0,20.0,N/A
2025-05-24 19:47:37.637,GPS,4,1,16.0,24.2,18.1,18.569794908333332,73.81670473333334,562.243,0.0,0.0,0.0,0.0,20.0,N/A
2025-05-24 19:47:37.779,GPS,4,1,16.0,24.2,18.1,18.569794908333332,73.81670473333334,562.243,0.0,0.0,0.0,0.0,20.0,N/A
2025-05-24 19:47:37.938,GPS,4,1,16.0,24.2,18.1,18.569794908333332,73.81670473333334,562.243,0.0,0.0,0.0,0.0,20.0,N/A
2025-05-24 19:47:38.097,GPS,4,1,16.0,24.2,18.1,18.569794908333332,73.81670473333334,562.243,0.0,0.0,0.0,0.0,20.0,N/A
2025-05-24 19:47:38.207,GPS,4,1,16.0,24.2,18.1,18.569794908333332,73.81670473333334,562.243,0.0,0.0,0.0,0.0,20.0,N/A
2025-05-24 19:47:38.378,GPS,4,1,16.0,24.2,18.1,18.569794908333332,73.81670473333334,562.243,0.0,0.0,0.0,0.0,20.0,N/A
2025-05-24 19:47:38.549,GPS,4,1,16.0,24.2,18.1,18.569794908333332,73.81670473333334,562.243,0.0,0.0,0.0,0.0,20.0,N/A
2025-05-24 19:47:38.766,GPS,4,1,16.0,24.2,18.1,18.569794908333332,73.81670473333334,562.243,0.0,0.0,0.0,0.0,20.0,N/A
2025-05-24 19:47:38.883,GPS,4,1,16.0,24.2,18.1,18.569794908333332,73.81670473333334,562.243,0.0,0.0,0.0,0.0,20.0,N/A
2025-05-24 19:47:39.028,GPS,4,0,30.1,99.9,99.9,18.569782828333334,73.816710415,561.499,0.0,0.0,0.0,0.0,20.0,N/A
2025-05-24 19:47:39.219,GPS,5,0,3.1,99.9,99.9,18.569780081666668,73.81670964166666,561.737,0.0,0.0,0.0,0.0,20.0,N/A
2025-05-24 19:47:39.360,GPS,5,0,15.5,99.9,99.9,18.569778246666665,73.81670931833334,561.969,0.0,0.0,0.0,0.0,20.0,N/A
2025-05-24 19:47:39.506,GPS,5,0,15.5,99.9,99.9,18.569776758333333,73.81670891,562.099,0.0,0.0,0.0,0.0,20.0,N/A
2025-05-24 19:47:39.660,GPS,5,0,15.5,99.9,99.9,18.569776758333333,73.81670891,562.099,0.0,0.0,0.0,0.0,20.0,133.13
2025-05-24 19:47:39.872,GPS,5,0,15.5,99.9,99.9,18.569775136666667,73.81670885166666,562.082,0.0,0.0,0.0,0.0,20.0,N/A
2025-05-24 19:47:39.995,GPS,5,0,15.5,99.9,99.9,18.569775136666667,73.81670885166666,562.082,0.0,0.0,0.0,0.0,20.0,N/A
2025-05-24 19:47:40.128,GPS,5,0,8.5,99.9,99.9,18.569775233333335,73.81671091833333,561.894,0.0,0.0,0.0,0.0,20.0,N/A
2025-05-24 19:47:40.310,GPS,6,0,8.5,99.9,99.9,18.569776885,73.81671210666667,561.851,0.0,0.0,0.0,0.0,20.0,N/A
2025-05-24 19:47:40.461,GPS,6,0,8.5,99.9,99.9,18.569776885,73.81671210666667,561.851,0.0,0.0,0.0,0.0,20.0,N/A
2025-05-24 19:47:40.596,GPS,6,0,2.9,99.9,99.9,18.569778418333332,73.81671326833333,561.94,0.0,0.0,0.0,0.0,20.0,N/A
2025-05-24 19:47:40.743,GPS,6,0,2.9,99.9,99.9,18.569778418333332,73.81671326833333,561.94,0.0,0.0,0.0,0.0,20.0,133.13
2025-05-24 19:47:40.899,GPS,5,0,2.9,99.9,99.9,18.569776795,73.81671457833333,561.776,0.0,0.0,0.0,0.08,20.0,N/A
2025-05-24 19:47:41.059,GPS,5,2,2.9,6.1,5.3,18.569776795,73.81671457833333,561.776,0.0,0.0,0.0,0.08,20.0,N/A
2025-05-24 19:47:41.205,GPS,5,2,2.9,6.1,5.3,18.569776795,73.81671457833333,561.776,0.0,0.0,0.0,0.08,20.0,N/A
2025-05-24 19:47:41.345,GPS,5,2,2.9,6.1,5.3,18.569776795,73.81671457833333,561.776,0.0,0.0,0.0,0.73,20.0,N/A
2025-05-24 19:47:41.476,GPS,5,0,2.9,99.9,99.9,18.569775698333334,73.816716515,561.73,0.0,0.0,0.0,0.73,20.0,N/A
2025-05-24 19:47:41.643,GPS,6,0,2.9,99.9,99.9,18.569774706666667,73.81671906833333,561.72,0.0,0.0,0.0,0.73,20.0,N/A
2025-05-24 19:47:41.814,GPS,6,0,2.9,99.9,99.9,18.569774706666667,73.81671906833333,561.72,0.0,0.0,0.0,0.73,20.0,N/A
2025-05-24 19:47:42.037,GPS,6,0,2.9,99.9,99.9,18.569773483333332,73.81672166666667,561.642,0.0,0.0,0.0,1.7,20.0,N/A
2025-05-24 19:47:42.185,GPS,5,0,3.1,99.9,99.9,18.56977282,73.816722215,561.699,0.0,0.0,0.0,1.7,20.0,N/A
2025-05-24 19:47:42.415,GPS,5,0,3.1,99.9,99.9,18.56977282,73.816722215,561.699,0.0,0.0,0.0,1.7,20.0,141.19
2025-05-24 19:47:42.693,GPS,5,0,3.1,99.9,99.9,18.569771316666667,73.81672367166667,561.549,0.0,0.0,0.0,2.68,20.0,N/A
2025-05-24 19:47:42.820,GPS,4,0,15.5,99.9,99.9,18.569769166666667,73.81672413166666,561.563,0.0,0.0,0.0,2.68,20.0,N/A
2025-05-24 19:47:42.955,GPS,5,0,15.5,99.9,99.9,18.569767611666666,73.81672501666667,561.488,0.0,0.0,0.0,2.68,20.0,N/A
2025-05-24 19:47:43.093,GPS,5,0,15.5,99.9,99.9,18.569766195,73.81672518333333,561.452,0.0,0.0,0.0,3.34,20.0,N/A
2025-05-24 19:47:43.246,GPS,4,0,15.5,99.9,99.9,18.569763468333335,73.81672680666667,561.311,0.0,0.0,0.0,3.34,20.0,N/A
2025-05-24 19:47:43.383,GPS,4,0,15.5,99.9,99.9,18.569762008333335,73.81672793166666,561.213,0.0,0.0,0.0,3.34,20.0,N/A
2025-05-24 19:47:43.527,GPS,5,0,15.5,99.9,99.9,18.569760713333334,73.81672813,561.196,0.0,0.0,0.0,4.02,20.0,N/A
2025-05-24 19:47:43.673,GPS,5,0,15.5,99.9,99.9,18.569756476666665,73.81672879833333,561.024,0.0,0.0,0.0,4.02,20.0,N/A
2025-05-24 19:47:43.814,GPS,5,0,15.6,99.9,99.9,18.569755738333335,73.81672897333334,560.978,0.0,0.0,0.0,4.02,20.0,N/A
2025-05-24 19:47:43.977,GPS,5,0,15.6,99.9,99.9,18.56975462,73.81672958833333,560.872,0.0,0.0,0.0,4.69,20.0,N/A
2025-05-24 19:47:44.125,GPS,5,0,15.6,99.9,99.9,18.56975462,73.81672958833333,560.872,0.0,0.0,0.0,4.69,20.0,141.14
2025-05-24 19:47:44.293,GPS,5,0,15.6,99.9,99.9,18.56975338333333,73.81673015333334,560.82,0.0,0.0,0.0,4.69,20.0,N/A
2025-05-24 19:47:44.442,GPS,5,1,15.6,23.8,18.0,18.56975338333333,73.81673015333334,560.82,0.0,0.0,0.0,5.37,20.0,N/A
2025-05-24 19:47:44.762,GPS,5,1,15.6,23.8,18.0,18.56975338333333,73.81673015333334,560.82,0.0,0.0,0.0,5.37,20.0,N/A
2025-05-24 19:47:44.885,GPS,6,0,2.9,99.9,99.9,18.569746661666667,73.8167268,560.682,0.0,0.0,0.0,5.37,20.0,N/A
2025-05-24 19:47:45.007,GPS,5,0,15.6,99.9,99.9,18.569746356666666,73.81672582666667,560.795,0.0,0.0,0.0,6.21,20.0,N/A
2025-05-24 19:47:45.138,GPS,6,0,2.9,99.9,99.9,18.569740648333333,73.81672880666666,561.096,0.0,0.0,0.0,6.21,20.0,N/A
2025-05-24 19:47:45.275,GPS,6,0,2.9,99.9,99.9,18.569736988333332,73.816714935,562.179,0.0,0.0,0.0,6.21,20.0,N/A
2025-05-24 19:47:45.463,GPS,6,0,2.9,99.9,99.9,18.569737223333334,73.81671179666667,562.102,0.0,0.0,0.0,6.9,20.0,N/A
2025-05-24 19:47:45.641,GPS,6,0,2.9,99.9,99.9,18.569737223333334,73.81671179666667,562.102,0.0,0.0,0.0,6.9,20.0,6.03
2025-05-24 19:47:45.756,GPS,6,0,2.9,99.9,99.9,18.569737223333334,73.81671179666667,562.102,0.0,0.0,0.0,6.9,20.0,6.03
2025-05-24 19:47:45.878,GPS,6,0,2.9,99.9,99.9,18.569737223333334,73.81671179666667,562.102,0.0,0.0,0.0,6.9,20.0,6.03
2025-05-24 19:47:46.020,GPS,6,0,2.9,99.9,99.9,18.569737223333334,73.81671179666667,562.102,0.0,0.0,0.0,7.75,20.0,6.03
2025-05-24 19:47:46.205,GPS,6,0,2.9,99.9,99.9,18.569737223333334,73.81671179666667,562.102,0.0,0.0,0.0,7.75,20.0,6.03
2025-05-24 19:47:46.358,GPS,6,0,2.9,99.9,99.9,18.569737223333334,73.81671179666667,562.102,0.0,0.0,0.0,7.75,20.0,6.03
2025-05-24 19:47:46.553,GPS,6,0,2.9,99.9,99.9,18.569737223333334,73.81671179666667,562.102,0.0,0.0,0.0,8.55,20.0,6.03
2025-05-24 19:47:46.718,GPS,6,0,2.9,99.9,99.9,18.569737223333334,73.81671179666667,562.102,2.3,3.3,4.7,8.55,20.0,6.03
2025-05-24 19:47:47.041,GPS,6,0,2.9,99.9,99.9,18.569737223333334,73.81671179666667,562.102,2.3,3.3,4.7,8.55,20.0,6.03
2025-05-24 19:47:47.161,GPS,6,0,2.9,99.9,99.9,18.56974052,73.81670735333333,562.53,0.0,0.0,0.0,9.47,20.0,N/A
2025-05-24 19:47:47.323,GPS,5,0,15.6,99.9,99.9,18.569741728333334,73.81670724833333,562.557,0.0,0.0,0.0,9.47,20.0,N/A
2025-05-24 19:47:47.505,GPS,7,0,2.9,99.9,99.9,18.569743258333332,73.81670770166667,562.726,0.0,0.0,0.0,9.47,20.0,N/A
2025-05-24 19:47:47.619,GPS,7,0,2.9,99.9,99.9,18.569743258333332,73.81670770166667,562.726,0.0,0.0,0.0,9.47,20.0,24.7
2025-05-24 19:47:47.747,GPS,7,0,2.9,99.9,99.9,18.569743258333332,73.81670770166667,562.726,0.0,0.0,0.0,10.0,20.0,24.7
2025-05-24 19:47:47.891,GPS,4,0,29.7,99.9,99.9,18.569747703333334,73.81671320833334,563.52,0.0,0.0,0.0,10.0,20.0,N/A
2025-05-24 19:47:48.050,GPS,4,1,29.7,41.8,29.4,18.569747703333334,73.81671320833334,563.52,0.0,0.0,0.0,10.0,20.0,N/A
2025-05-24 19:47:48.184,GPS,4,1,29.7,41.8,29.4,18.569747703333334,73.81671320833334,563.52,0.0,0.0,0.0,10.0,20.0,N/A
2025-05-24 19:47:48.325,GPS,4,1,29.7,41.8,29.4,18.569747703333334,73.81671320833334,563.52,0.0,0.0,0.0,10.0,20.0,N/A
2025-05-24 19:47:48.475,GPS,4,1,29.7,41.8,29.4,18.569747703333334,73.81671320833334,563.52,0.0,0.0,0.0,10.07,20.0,N/A
2025-05-24 19:47:48.634,GPS,4,1,29.7,41.8,29.4,18.569747703333334,73.81671320833334,563.52,0.0,0.0,0.0,10.07,20.0,N/A
2025-05-24 19:47:48.755,GPS,4,1,29.7,41.8,29.4,18.569747703333334,73.81671320833334,563.52,0.0,0.0,0.0,10.07,20.0,N/A
2025-05-24 19:47:48.908,GPS,4,1,29.7,41.8,29.4,18.569747703333334,73.81671320833334,563.52,0.0,0.0,0.0,10.07,20.0,N/A
2025-05-24 19:47:49.077,GPS,4,1,29.7,41.8,29.4,18.569747703333334,73.81671320833334,563.52,0.0,0.0,0.0,10.95,20.0,N/A
2025-05-24 19:47:49.359,GPS,4,1,29.7,41.8,29.4,18.569747703333334,73.81671320833334,563.52,2.1,3.2,4.5,10.95,20.0,N/A
2025-05-24 19:47:49.671,GPS,4,0,29.7,99.9,99.9,18.569748261666668,73.81671492833334,563.741,0.0,0.0,0.0,10.95,20.0,N/A
2025-05-24 19:47:49.794,GPS,4,0,29.7,99.9,99.9,18.569748261666668,73.81671492833334,563.741,0.0,0.0,0.0,12.03,20.0,N/A
2025-05-24 19:47:49.915,GPS,4,0,29.7,99.9,99.9,18.569749041666668,73.81671642833334,563.88,0.0,0.0,0.0,12.03,20.0,N/A
2025-05-24 19:47:50.050,GPS,4,0,29.7,99.9,99.9,18.569750168333332,73.816716505,564.035,0.0,0.0,0.0,12.03,20.0,N/A
2025-05-24 19:47:50.199,GPS,9,0,1.9,99.9,99.9,18.569771001666666,73.81670749666667,562.478,0.0,0.0,0.0,12.68,20.0,N/A
2025-05-24 19:47:50.347,GPS,8,0,2.3,99.9,99.9,18.569773193333333,73.81670647333334,562.282,0.0,0.0,0.0,12.68,20.0,N/A
2025-05-24 19:47:50.511,GPS,8,0,2.3,99.9,99.9,18.569773193333333,73.81670647333334,562.282,0.0,0.0,0.0,12.68,20.0,335.87
2025-05-24 19:47:50.685,GPS,6,0,8.5,99.9,99.9,18.569775341666666,73.81670566333334,562.131,0.0,0.0,0.0,13.43,20.0,N/A
2025-05-24 19:47:50.849,GPS,6,0,8.5,99.9,99.9,18.569775341666666,73.81670566333334,562.131,0.0,0.0,0.0,13.43,20.0,N/A
2025-05-24 19:47:50.998,GPS,7,0,2.6,99.9,99.9,18.569780275,73.81670746166667,561.65,0.0,0.0,0.0,13.43,20.0,N/A
2025-05-24 19:47:51.166,GPS,7,0,2.6,99.9,99.9,18.56978096,73.81671004,561.282,0.0,0.0,0.0,14.12,20.0,N/A
2025-05-24 19:47:51.298,GPS,7,0,2.6,99.9,99.9,18.56978096,73.81671004,561.282,0.0,0.0,0.0,14.12,20.0,341.18
2025-05-24 19:47:51.465,GPS,7,0,2.9,99.9,99.9,18.569782695,73.8167104,561.093,0.0,0.0,0.0,14.12,20.0,N/A
2025-05-24 19:47:51.633,GPS,7,3,2.9,6.0,5.3,18.569782695,73.8167104,561.093,0.0,0.0,0.0,14.77,20.0,N/A
2025-05-24 19:47:51.889,GPS,7,3,2.9,6.0,5.3,18.569782695,73.8167104,561.093,0.0,0.0,0.0,14.77,20.0,N/A
2025-05-24 19:47:52.010,GPS,6,0,2.9,99.9,99.9,18.569788458333335,73.81670925666667,560.712,0.0,0.0,0.0,14.77,20.0,N/A
2025-05-24 19:47:52.133,GPS,5,0,15.6,99.9,99.9,18.569790101666666,73.81670851166666,560.619,0.0,0.0,0.0,15.49,20.0,N/A
2025-05-24 19:47:52.308,GPS,5,0,15.6,99.9,99.9,18.569790101666666,73.81670851166666,560.619,0.0,0.0,0.0,15.49,20.0,322.98
2025-05-24 19:47:52.494,GPS,7,0,8.2,99.9,99.9,18.56979760666667,73.81670944,560.839,0.0,0.0,0.0,15.49,20.0,N/A
2025-05-24 19:47:52.698,GPS,8,0,2.3,99.9,99.9,18.569799143333334,73.81671175166667,560.635,0.0,0.0,0.0,16.47,20.0,N/A
2025-05-24 19:47:52.871,GPS,9,0,2.1,99.9,99.9,18.569801226666666,73.81671247833333,560.634,0.0,0.0,0.0,16.47,20.0,N/A
2025-05-24 19:47:52.977,GPS,9,0,2.1,99.9,99.9,18.569801226666666,73.81671247833333,560.634,0.0,0.0,0.0,16.47,20.0,N/A
2025-05-24 19:47:53.107,GPS,5,0,15.6,99.9,99.9,18.569803028333332,73.81671190666667,560.546,0.0,0.0,0.0,16.47,20.0,N/A
2025-05-24 19:47:53.306,GPS,5,1,15.6,23.7,17.9,18.569803028333332,73.81671190666667,560.546,0.0,0.0,0.0,16.47,20.0,N/A
2025-05-24 19:47:53.449,GPS,5,1,15.6,23.7,17.9,18.569803028333332,73.81671190666667,560.546,0.0,0.0,0.0,17.53,20.0,N/A
2025-05-24 19:47:53.638,GPS,6,0,3.1,99.9,99.9,18.569806858333333,73.81671033833334,560.409,0.0,0.0,0.0,17.53,20.0,N/A
2025-05-24 19:47:53.796,GPS,6,0,3.1,99.9,99.9,18.569808948333332,73.81670903,560.423,0.0,0.0,0.0,17.53,20.0,N/A
2025-05-24 19:47:54.018,GPS,8,0,2.5,99.9,99.9,18.56981023333333,73.81670982333333,560.268,0.0,0.0,0.0,17.53,20.0,N/A
2025-05-24 19:47:54.153,GPS,8,0,2.5,99.9,99.9,18.56981023333333,73.81670982333333,560.268,0.0,0.0,0.0,18.58,20.0,337.9
2025-05-24 19:47:54.291,GPS,6,0,3.1,99.9,99.9,18.569811996666665,73.81671001666666,560.218,0.0,0.0,0.0,18.58,20.0,N/A
2025-05-24 19:47:54.421,GPS,6,0,3.1,99.9,99.9,18.569811996666665,73.81671001666666,560.218,0.0,0.0,0.0,18.58,20.0,N/A
2025-05-24 19:47:54.562,GPS,7,0,3.0,99.9,99.9,18.569813291666666,73.81671048666666,560.086,0.0,0.0,0.0,19.2,20.0,N/A
2025-05-24 19:47:54.717,GPS,6,0,8.5,99.9,99.9,18.569815003333332,73.81671009,559.961,0.0,0.0,0.0,19.2,20.0,N/A
2025-05-24 19:47:54.854,GPS,5,0,15.6,99.9,99.9,18.569816866666667,73.81670945333333,559.895,0.0,0.0,0.0,19.2,20.0,N/A
2025-05-24 19:47:54.982,GPS,7,0,4.1,99.9,99.9,18.569818291666667,73.81670871833333,559.838,0.0,0.0,0.0,19.85,20.0,N/A
2025-05-24 19:47:55.122,GPS,7,0,4.1,99.9,99.9,18.569818291666667,73.81670871833333,559.838,0.0,0.0,0.0,19.85,20.0,347.68
2025-05-24 19:47:55.268,GPS,7,0,4.1,99.9,99.9,18.569819993333333,73.81670818166667,559.738,0.0,0.0,0.0,19.85,20.0,N/A
2025-05-24 19:47:55.412,GPS,7,0,4.1,99.9,99.9,18.569819993333333,73.81670818166667,559.738,0.0,0.0,0.0,20.0,20.0,N/A
2025-05-24 19:47:55.552,GPS,7,0,3.0,99.9,99.9,18.569822471666665,73.816709965,559.382,0.0,0.0,0.0,20.0,20.0,N/A
2025-05-24 19:47:55.711,GPS,7,0,3.0,99.9,99.9,18.569823858333333,73.81670935166666,559.282,0.0,0.0,0.0,20.0,20.0,N/A
2025-05-24 19:47:55.855,GPS,7,0,2.9,99.9,99.9,18.569825978333334,73.81670752,559.382,0.0,0.0,0.0,20.0,20.0,N/A
2025-05-24 19:47:55.970,GPS,7,0,2.9,99.9,99.9,18.569825978333334,73.81670752,559.382,0.0,0.0,0.0,20.0,20.0,341.98
2025-05-24 19:47:56.114,GPS,7,0,2.9,99.9,99.9,18.569825978333334,73.81670752,559.382,0.0,0.0,0.0,20.0,20.0,341.98
2025-05-24 19:47:56.396,GPS,7,0,3.0,99.9,99.9,18.569826993333333,73.816707725,559.215,0.0,0.0,0.0,20.07,20.0,N/A
2025-05-24 19:47:56.562,GPS,6,0,8.5,99.9,99.9,18.569828976666667,73.81670681166666,559.002,0.0,0.0,0.0,20.07,20.0,N/A
2025-05-24 19:47:56.736,GPS,6,0,8.5,99.9,99.9,18.569829795,73.81670637166667,558.893,0.0,0.0,0.0,20.07,20.0,N/A
2025-05-24 19:47:56.868,GPS,6,0,8.5,99.9,99.9,18.569830138333334,73.81670654,558.726,0.0,0.0,0.0,20.07,20.0,N/A
2025-05-24 19:47:57.018,GPS,6,0,3.0,99.9,99.9,18.569830881666668,73.81670626666667,558.493,0.0,0.0,0.0,21.06,20.0,N/A
2025-05-24 19:47:57.205,GPS,6,0,3.0,99.9,99.9,18.569830836666668,73.81670631833333,558.332,0.0,0.0,0.0,21.06,20.0,N/A
2025-05-24 19:47:57.360,GPS,6,0,3.0,99.9,99.9,18.56983068,73.81670633166667,558.188,0.0,0.0,0.0,21.06,20.0,N/A
2025-05-24 19:47:57.531,GPS,6,0,3.0,99.9,99.9,18.569830248333332,73.81670622833333,558.089,0.0,0.0,0.0,21.06,20.0,N/A
2025-05-24 19:47:57.662,GPS,6,0,3.0,99.9,99.9,18.569830248333332,73.81670622833333,558.089,0.0,0.0,0.0,21.06,20.0,341.98
2025-05-24 19:47:57.773,GPS,6,0,3.0,99.9,99.9,18.569830248333332,73.81670622833333,558.089,0.0,0.0,0.0,22.11,20.0,341.98
2025-05-24 19:47:57.911,GPS,6,0,3.0,99.9,99.9,18.569829826666666,73.81670611166666,558.025,0.0,0.0,0.0,22.11,20.0,N/A
2025-05-24 19:47:58.061,GPS,6,0,8.4,99.9,99.9,18.569829138333333,73.81670593666666,557.854,0.0,0.0,0.0,22.11,20.0,N/A
2025-05-24 19:47:58.183,GPS,7,0,3.0,99.9,99.9,18.569827871666668,73.816706405,557.718,0.0,0.0,0.0,22.11,20.0,N/A
2025-05-24 19:47:58.443,GPS,8,0,2.6,99.9,99.9,18.569824555,73.81670737333333,557.5,0.0,0.0,0.0,22.88,20.0,N/A
2025-05-24 19:47:58.621,GPS,7,0,4.1,99.9,99.9,18.569823611666667,73.81670735666667,557.469,0.0,0.0,0.0,22.88,20.0,N/A
2025-05-24 19:47:58.785,GPS,7,0,4.1,99.9,99.9,18.569821955,73.81670773,557.355,0.0,0.0,0.0,23.68,20.0,N/A
2025-05-24 19:47:58.938,GPS,7,0,4.1,99.9,99.9,18.569821955,73.81670773,557.355,0.0,0.0,0.0,23.68,20.0,187.32
2025-05-24 19:47:59.133,GPS,6,0,8.4,99.9,99.9,18.569819001666666,73.816707905,557.14,0.0,0.0,0.0,23.68,20.0,N/A
2025-05-24 19:47:59.273,GPS,6,2,8.4,13.5,10.5,18.569819001666666,73.816707905,557.14,0.0,0.0,0.0,24.45,20.0,N/A
2025-05-24 19:47:59.441,GPS,6,2,8.4,13.5,10.5,18.569819001666666,73.816707905,557.14,0.0,0.0,0.0,24.45,20.0,N/A
2025-05-24 19:47:59.546,GPS,6,2,8.4,13.5,10.5,18.569819001666666,73.816707905,557.14,0.0,0.0,0.0,24.45,20.0,N/A
2025-05-24 19:47:59.670,GPS,6,2,8.4,13.5,10.5,18.569819001666666,73.816707905,557.14,0.0,0.0,0.0,24.45,20.0,N/A
2025-05-24 19:47:59.787,GPS,6,0,8.4,99.9,99.9,18.569814158333333,73.816707665,556.794,0.0,0.0,0.0,25.2,20.0,N/A
2025-05-24 19:47:59.943,GPS,6,0,8.4,99.9,99.9,18.569812195,73.81670824166666,556.617,0.0,0.0,0.0,25.2,20.0,N/A
2025-05-24 19:48:00.116,GPS,6,0,8.4,99.9,99.9,18.569812195,73.81670824166666,556.617,0.0,0.0,0.0,25.2,20.0,164.17
2025-05-24 19:48:00.224,GPS,6,0,8.4,99.9,99.9,18.569812195,73.81670824166666,556.617,0.0,0.0,0.0,25.2,20.0,164.17
2025-05-24 19:48:00.350,GPS,6,0,8.4,99.9,99.9,18.569812195,73.81670824166666,556.617,0.0,0.0,0.0,25.2,20.0,164.17
2025-05-24 19:48:00.581,GPS,6,0,8.4,99.9,99.9,18.569812195,73.81670824166666,556.617,1.3,1.8,3.2,26.08,20.0,164.17
2025-05-24 19:48:00.747,GPS,6,0,8.4,99.9,99.9,18.569812195,73.81670824166666,556.617,1.3,1.8,3.2,26.08,20.0,164.17
2025-05-24 19:48:00.932,GPS,6,0,8.4,99.9,99.9,18.569812195,73.81670824166666,556.617,1.3,1.8,3.2,26.08,20.0,164.17
2025-05-24 19:48:01.045,GPS,5,0,15.6,99.9,99.9,18.569806908333334,73.81670870833334,556.335,0.0,0.0,0.0,27.0,20.0,N/A
2025-05-24 19:48:01.151,GPS,5,0,15.6,99.9,99.9,18.569806908333334,73.81670870833334,556.335,0.0,0.0,0.0,27.0,20.0,N/A
2025-05-24 19:48:01.270,GPS,5,0,15.6,99.9,99.9,18.569804895,73.81670957333333,556.212,0.0,0.0,0.0,27.0,20.0,N/A
2025-05-24 19:48:01.387,GPS,5,0,15.6,99.9,99.9,18.569804895,73.81670957333333,556.212,0.0,0.0,0.0,27.52,20.0,N/A
2025-05-24 19:48:01.503,GPS,5,0,15.6,99.9,99.9,18.569804895,73.81670957333333,556.212,0.0,0.0,0.0,27.52,20.0,N/A
2025-05-24 19:48:01.626,GPS,7,0,3.0,99.9,99.9,18.569800005,73.81670926166667,556.007,0.0,0.0,0.0,27.52,20.0,N/A
2025-05-24 19:48:01.739,GPS,7,0,3.0,99.9,99.9,18.569798003333332,73.81670980666667,555.843,0.0,0.0,0.0,28.07,20.0,N/A
2025-05-24 19:48:01.866,GPS,7,0,3.0,99.9,99.9,18.569796183333334,73.81671050833333,555.774,0.0,0.0,0.0,28.07,20.0,N/A
2025-05-24 19:48:01.984,GPS,6,0,8.4,99.9,99.9,18.569794831666666,73.81670987,555.802,0.0,0.0,0.0,28.07,20.0,N/A
2025-05-24 19:48:02.105,GPS,6,0,8.4,99.9,99.9,18.569794831666666,73.81670987,555.802,0.0,0.0,0.0,28.64,20.0,188.52
2025-05-24 19:48:02.224,GPS,5,0,15.6,99.9,99.9,18.569793348333334,73.81670945833334,555.778,0.0,0.0,0.0,28.64,20.0,N/A
2025-05-24 19:48:02.351,GPS,5,0,15.6,99.9,99.9,18.569793348333334,73.81670945833334,555.778,0.0,0.0,0.0,28.64,20.0,N/A
2025-05-24 19:48:02.471,GPS,5,0,15.6,99.9,99.9,18.569790161666667,73.81670933166667,555.749,0.0,0.0,0.0,29.16,20.0,N/A
2025-05-24 19:48:02.596,GPS,5,0,15.6,99.9,99.9,18.569788471666666,73.81670911333333,555.683,0.0,0.0,0.0,29.16,20.0,N/A
2025-05-24 19:48:02.717,GPS,6,0,8.4,99.9,99.9,18.569786908333334,73.81670925666667,555.647,0.0,0.0,0.0,29.16,20.0,N/A
2025-05-24 19:48:02.838,GPS,6,0,8.4,99.9,99.9,18.569786908333334,73.81670925666667,555.647,0.0,0.0,0.0,29.75,20.0,188.52
2025-05-24 19:48:02.957,GPS,6,0,8.4,99.9,99.9,18.569785506666665,73.81670919166666,555.675,0.0,0.0,0.0,29.75,20.0,N/A
2025-05-24 19:48:03.076,GPS,6,2,8.4,13.4,10.4,18.569785506666665,73.81670919166666,555.675,0.0,0.0,0.0,29.75,20.0,N/A
2025-05-24 19:48:03.196,GPS,6,2,8.4,13.4,10.4,18.569785506666665,73.81670919166666,555.675,0.0,0.0,0.0,30.0,20.0,N/A
2025-05-24 19:48:03.329,GPS,6,2,8.4,13.4,10.4,18.569785506666665,73.81670919166666,555.675,0.0,0.0,0.0,30.0,20.0,N/A
2025-05-24 19:48:03.522,GPS,7,0,2.9,99.9,99.9,18.569781718333335,73.81671037833334,555.393,0.0,0.0,0.0,30.0,20.0,N/A
2025-05-24 19:48:03.746,GPS,6,0,2.9,99.9,99.9,18.569776408333333,73.81671410333334,554.765,0.0,0.0,0.0,30.0,20.0,N/A
2025-05-24 19:48:03.890,GPS,6,0,2.9,99.9,99.9,18.569776408333333,73.81671410333334,554.765,0.0,0.0,0.0,30.07,20.0,161.63
2025-05-24 19:48:04.017,GPS,6,0,3.1,99.9,99.9,18.569773976666667,73.81671579666667,554.535,0.0,0.0,0.0,30.07,20.0,N/A
2025-05-24 19:48:04.141,GPS,6,0,3.1,99.9,99.9,18.569773976666667,73.81671579666667,554.535,0.0,0.0,0.0,30.07,20.0,N/A
2025-05-24 19:48:04.259,GPS,6,0,3.1,99.9,99.9,18.569772191666665,73.81671712333333,554.481,0.0,0.0,0.0,30.56,20.0,N/A
2025-05-24 19:48:04.381,GPS,6,0,3.1,99.9,99.9,18.569772191666665,73.81671712333333,554.481,0.0,0.0,0.0,30.56,20.0,N/A
2025-05-24 19:48:04.530,GPS,6,0,3.1,99.9,99.9,18.569772191666665,73.81671712333333,554.481,0.0,0.0,0.0,30.56,20.0,N/A
2025-05-24 19:48:04.652,GPS,6,0,3.1,99.9,99.9,18.569772191666665,73.81671712333333,554.481,0.0,0.0,0.0,31.18,20.0,N/A
2025-05-24 19:48:04.800,GPS,6,0,3.1,99.9,99.9,18.569772191666665,73.81671712333333,554.481,0.0,0.0,0.0,31.18,20.0,N/A
2025-05-24 19:48:04.994,GPS,6,0,3.1,99.9,99.9,18.569772191666665,73.81671712333333,554.481,0.0,0.0,0.0,31.18,20.0,N/A
2025-05-24 19:48:05.224,GPS,6,0,3.1,99.9,99.9,18.569772191666665,73.81671712333333,554.481,0.0,0.0,0.0,31.18,20.0,N/A
2025-05-24 19:48:05.330,GPS,6,0,3.1,99.9,99.9,18.569772191666665,73.81671712333333,554.481,0.0,0.0,0.0,32.14,20.0,N/A
2025-05-24 19:48:05.506,GPS,6,0,3.1,99.9,99.9,18.569772191666665,73.81671712333333,554.481,0.0,0.0,0.0,32.14,20.0,N/A
2025-05-24 19:48:05.697,GPS,6,0,3.1,99.9,99.9,18.569772191666665,73.81671712333333,554.481,0.0,0.0,0.0,32.14,20.0,N/A
2025-05-24 19:48:05.877,GPS,6,0,3.1,99.9,99.9,18.569772191666665,73.81671712333333,554.481,0.0,0.0,0.0,32.14,20.0,N/A
